0 0.74609375 0.8859375 0.0390625 0.0375
0 0.415625 0.84296875 0.0328125 0.0359375
0 0.5046875 0.86484375 0.0375 0.0328125
0 0.525 0.77578125 0.0375 0.0328125
0 0.54609375 0.81640625 0.0390625 0.0359375
0 0.60234375 0.790625 0.0359375 0.034375
1 0.66171875 0.996875 0.0546875 0.00625
1 0.42890625 0.95390625 0.05 0.0234375
1 0.50703125 0.65390625 0.0515625 0.0234375
1 0.4171875 0.68125 0.015625 0.0265625
1 0.625 0.68203125 0.0140625 0.0140625
1 0.5796875 0.67109375 0.0140625 0.0125
1 0.696875 0.69765625 0.0375 0.021875
1 0.81953125 0.72421875 0.0421875 0.021875
1 0.86015625 0.81171875 0.03125 0.0734375
1 0.7875 0.8703125 0.0421875 0.0234375
1 0.71953125 0.95 0.0375 0.1
0 0.60390625 0.66328125 0.040625 0.040625
0 0.71015625 0.4765625 0.040625 0.0390625
0 0.73203125 0.45078125 0.034375 0.03125
0 0.775 0.41328125 0.03125 0.0328125
0 0.7828125 0.38046875 0.0296875 0.0359375
0 0.7578125 0.275 0.0375 0.03125
0 0.67890625 0.25703125 0.040625 0.03125
0 0.5734375 0.25546875 0.034375 0.0390625
0 0.60234375 0.18125 0.0359375 0.03125
0 0.7359375 0.14375 0.034375 0.0359375
0 0.37578125 0.36640625 0.0328125 0.0390625
0 0.271875 0.13125 0.0890625 0.071875
0 0.30546875 0.31640625 0.0359375 0.03125
0 0.30703125 0.34921875 0.0328125 0.0359375
1 0.55859375 0.43203125 0.0578125 0.028125
1 0.65703125 0.45390625 0.0578125 0.0296875
1 0.95078125 0.20625 0.0453125 0.025
1 0.82421875 0.1796875 0.0390625 0.0203125
1 0.70859375 0.15078125 0.0171875 0.0125
1 0.7578125 0.1609375 0.0125 0.0125
1 0.64453125 0.13671875 0.0328125 0.01875
1 0.5453125 0.16875 0.021875 0.0453125
0 0.6203125 0.3421875 0.034375 0.0390625
1 0.1609375 0.29921875 0.0171875 0.028125
1 0.146875 0.365625 0.021875 0.0359375
1 0.1796875 0.23203125 0.021875 0.03125
1 0.1921875 0.16484375 0.0171875 0.03125
1 0.78203125 0.484375 0.0359375 0.0203125