0 0.1734375 0.17890625 0.0328125 0.03046875
0 0.50546875 0.146875 0.0265625 0.03125
0 0.41328125 0.1453125 0.0328125 0.02578125
0 0.41328125 0.23671875 0.0328125 0.0265625
0 0.384375 0.20234375 0.03359375 0.0296875
0 0.33515625 0.23984375 0.03125 0.02734375
1 0.22734375 0.04296875 0.053125 0.01484375
1 0.4671875 0.04140625 0.04921875 0.0125
1 0.45859375 0.3515625 0.05078125 0.0125
1 0.53984375 0.3046875 0.0109375 0.02421875
1 0.3375 0.35078125 0.01171875 0.0109375
1 0.38359375 0.3515625 0.0125 0.009375
1 0.2640625 0.3515625 0.03515625 0.01484375
1 0.13828125 0.353125 0.03984375 0.0125
1 0.07890625 0.27734375 0.01484375 0.07265625
1 0.13671875 0.20390625 0.040625 0.0140625
1 0.18515625 0.1109375 0.01484375 0.1
0 0.36171875 0.3640625 0.03359375 0.034375
0 0.30078125 0.5703125 0.034375 0.0328125
0 0.28515625 0.6 0.0296875 0.025
0 0.2515625 0.64609375 0.02578125 0.02734375
0 0.2515625 0.6796875 0.0234375 0.03125
0 0.29921875 0.77734375 0.03359375 0.02421875
0 0.38046875 0.77734375 0.03671875 0.02421875
0 0.48359375 0.7546875 0.028125 0.03359375
0 0.471875 0.83359375 0.03046875 0.02578125
0 0.35 0.9 0.028125 0.0296875
0 0.65078125 0.60234375 0.0265625 0.03359375
0 0.80546875 0.8078125 0.078125 0.05546875
0 0.73046875 0.63515625 0.03203125 0.02421875
0 0.721875 0.603125 0.0265625 0.03046875
1 0.45859375 0.5796875 0.05546875 0.01640625
1 0.35703125 0.58046875 0.0546875 0.0171875
1 0.1265625 0.8875 0.04296875 0.015625
1 0.25625 0.88515625 0.03671875 0.0125
1 0.375 0.8875 0.015625 0.00859375
1 0.325 0.88828125 0.0109375 0.01015625
1 0.440625 0.88671875 0.03125 0.01171875
1 0.53046875 0.8328125 0.0125 0.04296875
0 0.41796875 0.68125 0.028125 0.034375
1 0.87578125 0.61953125 0.0109375 0.02578125
1 0.87421875 0.5515625 0.0140625 0.03359375
1 0.87265625 0.6890625 0.015625 0.028125
1 0.875 0.75703125 0.01171875 0.02890625
1 0.22890625 0.57890625 0.03359375 0.0125