0 0.2609375 0.890625 0.0390625 0.0375
0 0.590625 0.84140625 0.0328125 0.0375
0 0.5015625 0.86484375 0.0375 0.0328125
0 0.4796875 0.7765625 0.0375 0.034375
0 0.46015625 0.81640625 0.0390625 0.0375
0 0.403125 0.7921875 0.0375 0.034375
1 0.57890625 0.953125 0.05 0.0234375
1 0.49609375 0.65390625 0.0515625 0.025
1 0.5859375 0.6796875 0.0171875 0.0265625
1 0.378125 0.684375 0.0140625 0.0140625
1 0.42265625 0.671875 0.0140625 0.0125
1 0.30703125 0.70078125 0.0375 0.0234375
1 0.184375 0.7296875 0.0421875 0.021875
1 0.1453125 0.81796875 0.03125 0.0734375
1 0.21953125 0.875 0.0421875 0.0234375
1 0.28828125 0.9515625 0.0390625 0.096875
0 0.3984375 0.665625 0.040625 0.0421875
0 0.28984375 0.4796875 0.040625 0.040625
0 0.2671875 0.4546875 0.034375 0.03125
0 0.2234375 0.41796875 0.03125 0.0328125
0 0.215625 0.3859375 0.0296875 0.0359375
0 0.23828125 0.2796875 0.0390625 0.03125
0 0.3171875 0.26015625 0.0421875 0.0328125
0 0.42265625 0.25703125 0.0359375 0.0390625
0 0.3921875 0.1828125 0.0359375 0.0328125
0 0.2578125 0.1484375 0.034375 0.0359375
0 0.621875 0.3640625 0.034375 0.0390625
0 0.721875 0.12734375 0.0890625 0.0734375
0 0.690625 0.31328125 0.0375 0.03125
0 0.690625 0.34609375 0.0328125 0.0359375
1 0.440625 0.4328125 0.0578125 0.0296875
1 0.3421875 0.45625 0.0578125 0.0296875
1 0.04375 0.2140625 0.0453125 0.025
1 0.1703125 0.18515625 0.0390625 0.0203125
1 0.28515625 0.15390625 0.0171875 0.0125
1 0.2359375 0.165625 0.0125 0.0125
1 0.34921875 0.1390625 0.0328125 0.01875
1 0.44921875 0.16953125 0.021875 0.0453125
0 0.3765625 0.34375 0.0359375 0.040625
1 0.8359375 0.29296875 0.0171875 0.028125
1 0.85078125 0.359375 0.021875 0.0359375
1 0.815625 0.2265625 0.021875 0.03125
1 0.8015625 0.16015625 0.01875 0.03125
1 0.21796875 0.4890625 0.0359375 0.0203125