0 0.62734375 0.12421875 0.059375 0.065625
0 0.3296875 0.509375 0.0859375 0.0609375
0 0.1796875 0.58515625 0.0359375 0.0765625
0 0.6859375 0.8171875 0.0765625 0.0671875
0 0.69296875 0.9015625 0.0671875 0.059375
0 0.7578125 0.4234375 0.059375 0.0671875
0 0.65390625 0.44453125 0.06875 0.06875
1 0.95078125 0.2875 0.046875 0.159375
1 0.97109375 0.509375 0.0390625 0.153125
1 0.984375 0.709375 0.03125 0.10625
1 0.1984375 0.74921875 0.034375 0.2515625
1 0.21875 0.953125 0.03125 0.09375
1 0.28359375 0.18125 0.1234375 0.078125
0 0.4734375 0.97890625 0.025 0.0421875
0 0.6609375 0.96484375 0.0359375 0.0484375
0 0.7015625 0.73125 0.0359375 0.071875