0 0.340625 0.13671875 0.0546875 0.06171875
0 0.6703125 0.49453125 0.08203125 0.0546875
0 0.8265625 0.55703125 0.02890625 0.07421875
0 0.3421875 0.83203125 0.07109375 0.06171875
0 0.34296875 0.9171875 0.06328125 0.05390625
0 0.23671875 0.44609375 0.0546875 0.0625
0 0.3421875 0.4578125 0.0640625 0.0640625
1 0.03203125 0.32734375 0.0328125 0.15703125
1 0.03125 0.55078125 0.0265625 0.1515625
1 0.028125 0.75234375 0.03671875 0.103125
1 0.821875 0.721875 0.0125 0.25078125
1 0.8203125 0.93984375 0.021875 0.1171875
1 0.6875 0.16328125 0.1171875 0.06796875
0 0.56875 0.97734375 0.021875 0.0453125
0 0.38046875 0.97734375 0.0328125 0.0453125
0 0.0171875 0.93828125 0.0328125 0.07578125
1 0.02421875 0.9921875 0.015625 0.015625
0 0.31953125 0.74765625 0.03046875 0.06953125