0 0.340625 0.86328125 0.0546875 0.0625
0 0.6703125 0.50546875 0.08125 0.0546875
0 0.8265625 0.44296875 0.028125 0.075
0 0.3421875 0.16796875 0.071875 0.0625
0 0.34296875 0.0828125 0.0625 0.053125
0 0.23671875 0.55390625 0.0546875 0.0625
0 0.3421875 0.5421875 0.0640625 0.0640625
1 0.03203125 0.67265625 0.0328125 0.15625
1 0.03125 0.44921875 0.0265625 0.1515625
1 0.028125 0.24765625 0.0375 0.103125
1 0.821875 0.278125 0.0125 0.25
1 0.8203125 0.06015625 0.021875 0.1171875
1 0.6875 0.83671875 0.1171875 0.06875
0 0.56875 0.02265625 0.021875 0.0453125
0 0.38046875 0.02265625 0.0328125 0.0453125
0 0.0171875 0.06171875 0.0328125 0.075
1 0.02421875 0.0078125 0.015625 0.015625
0 0.31953125 0.25234375 0.03125 0.06875