0 0.85 0.41640625 0.040625 0.07265625
0 0.8703125 0.52421875 0.04140625 0.04765625
0 0.85078125 0.640625 0.04140625 0.07734375
0 0.81015625 0.74921875 0.03828125 0.0453125
0 0.72421875 0.80234375 0.040625 0.04296875
0 0.6390625 0.6375 0.040625 0.075
0 0.5859375 0.640625 0.04296875 0.07265625
0 0.39453125 0.640625 0.0453125 0.08359375
0 0.41953125 0.47421875 0.0375 0.07890625
0 0.42578125 0.19375 0.040625 0.07734375
0 0.53359375 0.29140625 0.01328125 0.115625
0 0.3421875 0.40625 0.04140625 0.0578125
0 0.29140625 0.39140625 0.03359375 0.06796875
0 0.3046875 0.7765625 0.0453125 0.08125
0 0.39453125 0.77890625 0.05 0.08203125
0 0.059375 0.3984375 0.040625 0.06875
1 0.63359375 0.13515625 0.1875 0.02421875
1 0.8796875 0.13671875 0.08671875 0.02734375
1 0.97578125 0.50859375 0.0109375 0.0515625
1 0.87890625 0.875 0.071875 0.02421875
1 0.77265625 0.871875 0.040625 0.015625
1 0.66796875 0.871875 0.0796875 0.02109375
1 0.51171875 0.87421875 0.096875 0.02109375
1 0.22734375 0.42265625 0.0140625 0.08828125
1 0.228125 0.309375 0.01953125 0.07734375
1 0.4875 0.22265625 0.07421875 0.021875
1 0.5328125 0.18046875 0.01328125 0.06171875