0 0.84296875 0.3921875 0.0453125 0.075
0 0.87109375 0.4984375 0.0453125 0.05
0 0.859375 0.615625 0.046875 0.0796875
0 0.8265625 0.72734375 0.040625 0.0484375
0 0.74453125 0.7859375 0.04375 0.0453125
0 0.6484375 0.62734375 0.0453125 0.078125
0 0.5953125 0.634375 0.0484375 0.075
0 0.4046875 0.64765625 0.0515625 0.0859375
0 0.41796875 0.4796875 0.0421875 0.08125
0 0.4046875 0.2 0.0453125 0.0796875
0 0.51875 0.28984375 0.021875 0.115625
0 0.3359375 0.4171875 0.0453125 0.0609375
0 0.284375 0.40625 0.0375 0.0703125
0 0.32421875 0.78984375 0.0515625 0.084375
0 0.4140625 0.7859375 0.05625 0.0859375
0 0.053125 0.4296875 0.0453125 0.071875
1 0.6078125 0.1265625 0.1890625 0.0375
1 0.853125 0.1109375 0.0890625 0.0328125
1 0.975 0.475 0.0140625 0.0515625
1 0.90390625 0.84765625 0.0734375 0.0296875
1 0.79765625 0.8515625 0.0421875 0.01875
1 0.69375 0.859375 0.08125 0.0265625
1 0.5375 0.87265625 0.0984375 0.028125
1 0.22265625 0.4421875 0.0203125 0.0890625
1 0.215625 0.32890625 0.025 0.078125
1 0.46796875 0.22421875 0.075 0.0265625
1 0.51015625 0.17890625 0.0171875 0.0625