1 0.53046875 0.87734375 0.0375 0.03125
1 0.64140625 0.88359375 0.075 0.028125
1 0.7859375 0.9015625 0.0765625 0.0484375
1 0.86484375 0.33125 0.084375 0.034375
1 0.75390625 0.321875 0.046875 0.028125
1 0.4890625 0.1890625 0.1015625 0.0421875
1 0.08203125 0.35 0.025 0.046875
1 0.36875 0.85859375 0.040625 0.034375
0 0.81640625 0.5171875 0.028125 0.0515625
0 0.84453125 0.70546875 0.03125 0.0453125
0 0.7390625 0.78671875 0.01875 0.0703125
0 0.71484375 0.428125 0.0375 0.053125
0 0.70078125 0.31796875 0.03125 0.0671875
0 0.7359375 0.27265625 0.0375 0.05
0 0.58046875 0.3515625 0.028125 0.053125
0 0.51484375 0.44453125 0.0734375 0.021875
0 0.3375 0.5546875 0.034375 0.0640625
0 0.28203125 0.5640625 0.0484375 0.059375
0 0.1078125 0.7375 0.1015625 0.1171875
0 0.325 0.7640625 0.046875 0.06875
0 0.428125 0.6515625 0.0265625 0.0578125
0 0.38515625 0.70390625 0.034375 0.0703125
0 0.77578125 0.4375 0.0265625 0.0734375