1 0.43046875 0.871875 0.034375 0.028125
1 0.31953125 0.86640625 0.0734375 0.0203125
1 0.1734375 0.86953125 0.0734375 0.040625
1 0.1546875 0.29375 0.08203125 0.02578125
1 0.26640625 0.29609375 0.0453125 0.02421875
1 0.54296875 0.1921875 0.0984375 0.03203125
1 0.93125 0.39453125 0.02109375 0.04453125
1 0.59296875 0.8703125 0.03828125 0.03125
0 0.18359375 0.484375 0.0234375 0.05
0 0.1359375 0.66796875 0.02734375 0.04296875
0 0.23203125 0.76015625 0.01171875 0.06875
0 0.29375 0.40625 0.03203125 0.05
0 0.31953125 0.29765625 0.02421875 0.065625
0 0.2890625 0.24921875 0.03203125 0.046875
0 0.43515625 0.34375 0.0234375 0.05078125
0 0.49140625 0.44296875 0.071875 0.01484375
0 0.65625 0.57109375 0.028125 0.06171875
0 0.71015625 0.58671875 0.04296875 0.05546875
0 0.86484375 0.77734375 0.09140625 0.10859375
0 0.64609375 0.78125 0.040625 0.06484375
0 0.55546875 0.65859375 0.02109375 0.05625
0 0.59296875 0.71484375 0.028125 0.0671875
0 0.23203125 0.409375 0.01953125 0.07109375