1 0.6140625 0.8609375 0.0375 0.0328125
1 0.7234375 0.84140625 0.075 0.0296875
1 0.86953125 0.82734375 0.078125 0.05
1 0.81796875 0.253125 0.084375 0.0359375
1 0.70703125 0.26953125 0.0484375 0.0296875
1 0.41953125 0.2 0.1015625 0.04375
1 0.059375 0.44765625 0.0265625 0.046875
1 0.453125 0.87890625 0.0421875 0.0359375
0 0.8125 0.44609375 0.0296875 0.053125
0 0.88203125 0.62265625 0.0328125 0.0453125
0 0.79765625 0.72578125 0.0203125 0.0703125
0 0.69296875 0.38203125 0.0375 0.053125
0 0.6546875 0.27734375 0.0328125 0.06875
0 0.67890625 0.225 0.0375 0.05
0 0.5453125 0.33671875 0.0296875 0.053125
0 0.5015625 0.4421875 0.0734375 0.0234375
0 0.35390625 0.58984375 0.0359375 0.0640625
0 0.30234375 0.61171875 0.05 0.0609375
0 0.171875 0.81953125 0.1046875 0.11875
0 0.3890625 0.796875 0.0484375 0.06875
0 0.4640625 0.6640625 0.028125 0.0578125
0 0.43359375 0.72421875 0.0359375 0.0703125
0 0.7546875 0.37734375 0.028125 0.0734375