0 0.24296875 0.253125 0.0484375 0.06171875
0 0.24296875 0.3890625 0.04296875 0.05390625
0 0.29765625 0.40546875 0.040625 0.08046875
0 0.4703125 0.13984375 0.0484375 0.0828125
0 0.5 0.12265625 0.0515625 0.0765625
0 0.78359375 0.39140625 0.04609375 0.08828125
0 0.67890625 0.0875 0.04609375 0.07265625
0 0.61875 0.11796875 0.05 0.07265625
0 0.634375 0.071875 0.01640625 0.01484375
0 0.61796875 0.02578125 0.04921875 0.04609375
0 0.915625 0.0546875 0.06875 0.08515625
0 0.840625 0.77890625 0.05 0.07109375
0 0.828125 0.784375 0.05 0.08046875
0 0.82890625 0.93828125 0.05390625 0.08828125
0 0.1890625 0.64375 0.05 0.090625
0 0.25703125 0.6125 0.0734375 0.06953125
0 0.46875 0.63828125 0.03515625 0.06015625
0 0.97578125 0.246875 0.04453125 0.08515625
1 0.22421875 0.7421875 0.01875 0.10234375