0 0.2390625 0.7421875 0.05 0.0625
0 0.24140625 0.60625 0.04375 0.0546875
0 0.29609375 0.590625 0.0421875 0.08125
0 0.4640625 0.859375 0.05 0.084375
0 0.49375 0.87734375 0.053125 0.078125
0 0.78203125 0.61328125 0.046875 0.0890625
0 0.671875 0.915625 0.046875 0.0734375
0 0.61171875 0.884375 0.0515625 0.0734375
0 0.6265625 0.93046875 0.0171875 0.015625
0 0.609375 0.9765625 0.05 0.046875
0 0.9078125 0.95234375 0.0703125 0.0859375
0 0.8453125 0.22734375 0.0515625 0.071875
0 0.8328125 0.22109375 0.0515625 0.08125
0 0.83671875 0.0671875 0.0546875 0.0890625
0 0.19140625 0.35078125 0.0515625 0.0921875
0 0.259375 0.38359375 0.075 0.0703125
0 0.47109375 0.3609375 0.0359375 0.0609375
0 0.97109375 0.76171875 0.0453125 0.0859375
1 0.228125 0.253125 0.0203125 0.103125