0 0.2109375 0.29140625 0.05625 0.0671875
0 0.2296875 0.42578125 0.05 0.059375
0 0.28671875 0.434375 0.0515625 0.0859375
0 0.4203125 0.14765625 0.059375 0.0890625
0 0.44765625 0.1265625 0.0609375 0.0828125
0 0.765625 0.353125 0.0578125 0.09375
0 0.61953125 0.06640625 0.05625 0.078125
0 0.5640625 0.10546875 0.059375 0.0796875
0 0.5734375 0.05703125 0.01875 0.0171875
0 0.55078125 0.0203125 0.0546875 0.040625
0 0.84921875 0.02421875 0.0796875 0.0484375
0 0.87578125 0.72890625 0.059375 0.078125
0 0.86484375 0.7359375 0.0609375 0.0859375
0 0.88671875 0.88828125 0.065625 0.0953125
0 0.21171875 0.6859375 0.0625 0.096875
0 0.275 0.6453125 0.0828125 0.0796875
0 0.48828125 0.64140625 0.04375 0.0640625
0 0.9359375 0.1828125 0.05625 0.090625
1 0.2609375 0.778125 0.0328125 0.1046875