1 0.865625 0.25390625 0.03359375 0.25078125
1 0.8625 0.8421875 0.02265625 0.29375
1 0.3359375 0.8015625 0.04921875 0.05
0 0.3171875 0.3703125 0.06484375 0.1484375
0 0.253125 0.48828125 0.06328125 0.09765625
0 0.45 0.46953125 0.0578125 0.1046875
0 0.41953125 0.790625 0.05390625 0.09765625
0 0.434375 0.88671875 0.0671875 0.11953125
0 0.89609375 0.43359375 0.06484375 0.09140625
0 0.5421875 0.50078125 0.071875 0.10234375
1 0.06171875 0.65625 0.0203125 0.29609375
1 0.065625 0.2328125 0.0171875 0.18125