0 0.3421875 0.70859375 0.05 0.0546875
0 0.2203125 0.84765625 0.0375 0.0359375
0 0.32890625 0.9125 0.040625 0.0453125
1 0.25390625 0.76953125 0.0296875 0.0390625
0 0.09921875 0.63984375 0.053125 0.021875
1 0.34140625 0.53359375 0.134375 0.0421875
0 0.809375 0.896875 0.046875 0.059375
0 0.60390625 0.634375 0.0328125 0.0296875
0 0.7515625 0.634375 0.04375 0.034375
0 0.84375 0.60234375 0.0921875 0.0625
0 0.4421875 0.1859375 0.0359375 0.04375
0 0.44765625 0.24609375 0.0296875 0.034375
0 0.41875 0.27109375 0.003125 0.009375
0 0.48984375 0.27734375 0.0203125 0.0078125
0 0.56875 0.5796875 0.028125 0.0578125
1 0.6859375 0.52109375 0.05 0.021875
1 0.58515625 0.52421875 0.071875 0.0265625