0 0.62734375 0.27109375 0.05625 0.059375
0 0.728125 0.1171875 0.0421875 0.040625
0 0.61171875 0.06796875 0.046875 0.05
1 0.70625 0.1984375 0.034375 0.0421875
0 0.87734375 0.30546875 0.0546875 0.028125
1 0.65234375 0.44453125 0.1375 0.059375
0 0.13828125 0.15 0.0546875 0.065625
0 0.378125 0.38125 0.0359375 0.034375
0 0.23203125 0.40234375 0.046875 0.040625
0 0.1453125 0.446875 0.1 0.0734375
0 0.60078125 0.80234375 0.040625 0.046875
0 0.5875 0.74375 0.0328125 0.0375
0 0.6125 0.71484375 0.0046875 0.009375
0 0.540625 0.71875 0.0203125 0.0109375
0 0.42109375 0.43046875 0.0359375 0.0609375
1 0.31328125 0.50546875 0.053125 0.028125
1 0.4125 0.4875 0.0734375 0.0359375