0 0.33515625 0.296875 0.04765625 0.05234375
0 0.20859375 0.1625 0.03671875 0.034375
0 0.31484375 0.09375 0.0390625 0.04453125
1 0.24453125 0.2390625 0.02890625 0.0375
0 0.09453125 0.37421875 0.05234375 0.01953125
1 0.340625 0.471875 0.13359375 0.0375
0 0.7953125 0.0921875 0.0453125 0.05859375
0 0.59921875 0.36171875 0.03125 0.02890625
0 0.746875 0.35703125 0.0421875 0.03359375
0 0.83984375 0.3859375 0.090625 0.05859375
0 0.453125 0.815625 0.034375 0.0421875
0 0.45625 0.75546875 0.028125 0.0328125
0 0.4265625 0.73125 0.003125 0.009375
0 0.49765625 0.72265625 0.01953125 0.00703125
0 0.565625 0.41796875 0.02578125 0.05703125
1 0.68515625 0.47265625 0.05 0.01953125
1 0.584375 0.47265625 0.0703125 0.02421875